RandomForestClassifier(bootstrap=True, class_weight=None, criterion='gini',
            max_depth=None, max_features='auto', max_leaf_nodes=None,
            min_samples_leaf=1, min_samples_split=2,
            min_weight_fraction_leaf=0.0, n_estimators=25, n_jobs=1,
            oob_score=False, random_state=None, verbose=0,
            warm_start=False)
[[ 0.4   0.36  0.    0.24]
 [ 0.44  0.36  0.    0.2 ]
 [ 0.52  0.28  0.    0.2 ]
 [ 0.48  0.44  0.    0.08]
 [ 0.36  0.4   0.    0.24]
 [ 0.6   0.32  0.    0.08]
 [ 0.12  0.28  0.    0.6 ]
 [ 0.2   0.44  0.    0.36]
 [ 0.64  0.28  0.    0.08]
 [ 0.2   0.52  0.    0.28]
 [ 0.08  0.44  0.    0.48]
 [ 0.48  0.36  0.    0.16]
 [ 0.12  0.28  0.    0.6 ]
 [ 0.12  0.4   0.    0.48]
 [ 0.36  0.44  0.    0.2 ]
 [ 0.32  0.44  0.    0.24]
 [ 0.08  0.44  0.    0.48]
 [ 0.16  0.52  0.    0.32]
 [ 0.32  0.4   0.    0.28]
 [ 0.8   0.12  0.    0.08]
 [ 0.4   0.48  0.    0.12]
 [ 0.84  0.16  0.    0.  ]
 [ 0.16  0.2   0.    0.64]
 [ 0.64  0.36  0.    0.  ]
 [ 0.52  0.24  0.    0.24]
 [ 0.6   0.32  0.    0.08]
 [ 0.36  0.48  0.    0.16]
 [ 0.12  0.44  0.    0.44]
 [ 0.4   0.52  0.    0.08]
 [ 0.36  0.44  0.    0.2 ]
 [ 0.64  0.24  0.04  0.08]
 [ 0.64  0.24  0.08  0.04]
 [ 0.28  0.48  0.08  0.16]
 [ 0.44  0.32  0.    0.24]
 [ 0.4   0.36  0.    0.24]
 [ 0.56  0.36  0.    0.08]
 [ 0.16  0.56  0.    0.28]
 [ 0.08  0.32  0.    0.6 ]
 [ 0.48  0.36  0.    0.16]
 [ 0.04  0.4   0.    0.56]
 [ 0.28  0.48  0.    0.24]
 [ 0.2   0.44  0.    0.36]
 [ 0.36  0.44  0.    0.2 ]
 [ 0.12  0.4   0.    0.48]
 [ 0.16  0.56  0.    0.28]
 [ 0.24  0.52  0.    0.24]
 [ 0.4   0.48  0.    0.12]
 [ 0.56  0.28  0.    0.16]
 [ 0.08  0.44  0.    0.48]
 [ 0.36  0.36  0.    0.28]
 [ 0.72  0.2   0.    0.08]
 [ 0.4   0.24  0.    0.36]
 [ 0.24  0.44  0.    0.32]
 [ 0.4   0.44  0.    0.16]
 [ 0.24  0.56  0.    0.2 ]
 [ 0.4   0.4   0.    0.2 ]
 [ 0.04  0.4   0.    0.56]
 [ 0.12  0.52  0.    0.36]
 [ 0.72  0.2   0.    0.08]
 [ 0.48  0.44  0.    0.08]
 [ 0.12  0.28  0.    0.6 ]
 [ 0.56  0.24  0.    0.2 ]
 [ 0.16  0.44  0.    0.4 ]
 [ 0.44  0.36  0.    0.2 ]
 [ 0.48  0.44  0.    0.08]
 [ 0.28  0.44  0.    0.28]
 [ 0.08  0.4   0.    0.52]
 [ 0.2   0.52  0.    0.28]
 [ 0.56  0.36  0.    0.08]
 [ 0.8   0.16  0.    0.04]
 [ 0.32  0.6   0.    0.08]
 [ 0.16  0.44  0.    0.4 ]
 [ 0.28  0.44  0.    0.28]
 [ 0.08  0.36  0.    0.56]
 [ 0.16  0.56  0.    0.28]
 [ 0.32  0.44  0.    0.24]
 [ 0.08  0.28  0.    0.64]
 [ 0.2   0.52  0.    0.28]
 [ 0.44  0.44  0.04  0.08]
 [ 0.4   0.4   0.    0.2 ]
 [ 0.4   0.4   0.    0.2 ]
 [ 0.72  0.24  0.    0.04]
 [ 0.72  0.24  0.    0.04]
 [ 0.28  0.32  0.    0.4 ]
 [ 0.2   0.44  0.    0.36]
 [ 0.2   0.48  0.    0.32]
 [ 0.2   0.48  0.    0.32]
 [ 0.76  0.16  0.    0.08]
 [ 0.24  0.4   0.    0.36]
 [ 0.16  0.32  0.    0.52]
 [ 0.6   0.36  0.    0.04]
 [ 0.84  0.12  0.    0.04]
 [ 0.48  0.28  0.    0.24]
 [ 0.2   0.52  0.    0.28]
 [ 0.08  0.4   0.    0.52]
 [ 0.32  0.4   0.    0.28]
 [ 0.36  0.36  0.    0.28]
 [ 0.16  0.44  0.    0.4 ]
 [ 0.2   0.48  0.    0.32]
 [ 0.24  0.36  0.    0.4 ]]
[2 4 1 2 4 1 4 2 1 2 4 1 4 4 1 1 4 2 4 1 2 1 4 2 2 1 4 4 2 1 1 4 4 4 2 1 2
 4 1 4 2 1 1 4 2 2 3 1 4 2 1 2 4 1 2 1 4 4 1 2 4 1 2 2 4 1 4 2 2 1 2 4 1 4
 2 1 4 2 4 4 1 1 1 4 4 1 2 1 2 4 2 1 4 2 4 1 1 4 2 2]
59.0
Log loss score
122.05570716
