RandomForestClassifier(bootstrap=True, class_weight=None, criterion='gini',
            max_depth=None, max_features='auto', max_leaf_nodes=None,
            min_samples_leaf=1, min_samples_split=2,
            min_weight_fraction_leaf=0.0, n_estimators=25, n_jobs=1,
            oob_score=False, random_state=None, verbose=0,
            warm_start=False)
[[ 0.6   0.2   0.2 ]
 [ 0.6   0.2   0.2 ]
 [ 0.64  0.16  0.2 ]
 ..., 
 [ 0.28  0.2   0.52]
 [ 0.36  0.32  0.32]
 [ 0.44  0.36  0.2 ]]
[2 4 1 2 4 1 4 2 1 2 4 1 4 4 1 1 4 2 4 1 2 1 4 2 2 1 4 4 2 1 1 4 4 4 2 1 2
 4 1 4 2 1 1 4 2 2 1 4 2 1 2 4 1 2 1 4 4 1 2 4 1 2 2 4 1 4 2 2 1 2 4 1 4 2
 1 4 2 4 4 1 1 1 4 4 1 2 1 2 4 2 1 4 2 4 1 1 4 2 2 4 1 2 4 1 4 2 4 1 4 4 4
 1 2 4 1 2 4 1 1 4 2 2 1 2 4 1 2 4 1 1 2 4 2 4 1 4 1 2 4 1 2 2 4 1 2 1 4 2
 2 1 4 2 1 1 2 4 2 1 4 2 4 1 2 2 1 4 1 2 1 4 4 4 1 2 4 1 2 2 1 4 2 4 2 2 4
 1 1 2 4 4 2 1 4 2 1 4 1 2 1 2 4 2 1 2 4 1 4 2 1 1 4 2 1 4 2 4 2 1 4 1 2 2
 4 1 4 4 1 1 4 4 2 1 2 2 4 1 4 1 2 1 2 4 4 4 1 4 2 1 2 1 4 1 4 2 2 1 4 1 4
 2 2 2 4 1 4 1 1 4 2 4 2 1 4 2 1 4 1 2 2 1 4 2 1 4 1 2 2 4 4 1 2 1 4 1 2 4
 2 1 4 1 2 4 4 1 2 2 4 1 2 4 1 1 2 4 1 4 1 4 2 1 2 4 1 4 2 1 4 1 2 2 1 4 2
 4 1 2 1 4 2 1 4 2 4 1 2 1 4 2 1 4 2 4 1 2 4 1 2 1 2 4 1 2 1 2 4 4 1 1 4 2
 4 1 4 4 2 1 4 2 1 4 4 4 4 2 1 2 1 4 2 1 4 4 1 4 4 2 1 4 1 4 1 2 4 2 1 4 4
 2 1 1 2 4 1 2 4 2 4 1 2 2 4 2 1 4 2 4 1 2 4 1 4 1 4 4 2 1 4 1 2 1 2 4 1 4
 2 4 2 1 2 1 4 4 2 1 4 2 1 4 2 1 2 4 1 2 1 4 2 1 4 2 4 2 2 1 4 1 2 2 2 4 1
 2 4 2 4 1 2 4 2 1 4 2 1 2 2 1 1 4 2 1 4 2 4 2 1 4 2 1 4 2 1 4 1 2 4 4 1 4
 2 1 2 1 4 4 1 2 1 4 2 1 2 4 4 1 2 1 2 4 1 2 2 4 1 2 2 4 1 4 1 2 1 4 2 2 1
 4 2 4 2 4 1 4 2 4 1 4 2 2 1 4 2 1 1 2 1 2 4 1 2 2 1 2 2 4 1 2 4 1 1 4 1 1
 4 2 2 1 2 2 4 1 4 2 1 4 1 2 2 1 4 1 4 2 1 2 4 2 4 1 2 4 1 4 1 2 4 2 1 2 4
 1 4 1 2 4 1 2 2 4 4 1 2 2 1 4 4 4 1 2 1 4 2 1 4 4 2 1 4 2 1 2 1 4 2 4 1 1
 4 2 2 1 4 2 1 4 2 4 1 1 4 1 2 1 4 2 4 1 2 2 2 4 1 2 2 1 4 4 2 1 2 2 1 2 4
 1 4 4 1 2 1 4 4 1 2 1 4 2 1 4 4 1 2 4 2 1 2 4 1 2 1 4 1 4 1 4 2 4 2 1 4 1
 2 4 1 2 4 1 4 4 1 2 2 4 1 4 1 2 4 1 2 2 4 1 2 1 4 1 4 2 4 2 1 1 2 4 2 4 2
 4 1 1 2 4 4 2 1 1 2 2 1 1 4 2 1 4 2 1 4 4 1 2 4 4 1 1 4 2 2 1 4 4 2 1 1 2
 4 4 2 1 4 1 2 2 4 1 2 1 4 1 4 2 1 2 4 2 2 1 2 1 4 4 1 2 2 1 4 2 4 1 1 2 4
 2 1 4 4 2 1 2 2 1 2 4 2 4 1 4 1 4 1 2 4 2 4 1 4 4 1 2 4 2 1 4 2 4 1 4 4 1
 2 1 4 4 1 2 2 1 4 1 2 4 1 4 2 1 4 2 2 2 1 2 4 1 1 4 2 1 4 2 4 2 1 1 2 4 4
 2 1 2 1 4 4 4 2 1 4 2 1 2 4 1 2 4 2 4 1 2 4 1 2 4 1 2 1 4 4 2 1 4 1 2 1 4
 2 4 1 2 1 2 4 4 1 2 2 1 4 2 4 1 4 1 2 1 4 4 1 2 4 1 4 2 4 1 4 1 1 4 2 4 1
 2]
23.1
Log loss score
131.589644987
