RandomForestClassifier(bootstrap=True, class_weight=None, criterion='gini',
            max_depth=None, max_features='auto', max_leaf_nodes=None,
            min_samples_leaf=1, min_samples_split=2,
            min_weight_fraction_leaf=0.0, n_estimators=25, n_jobs=1,
            oob_score=False, random_state=None, verbose=0,
            warm_start=False)
[[ 0.2   0.28  0.52]
 [ 0.28  0.24  0.48]
 [ 0.2   0.24  0.56]
 [ 0.28  0.24  0.48]
 [ 0.2   0.24  0.56]
 [ 0.28  0.24  0.48]
 [ 0.16  0.2   0.64]
 [ 0.16  0.2   0.64]
 [ 0.16  0.24  0.6 ]
 [ 0.2   0.24  0.56]
 [ 0.2   0.24  0.56]
 [ 0.24  0.32  0.44]
 [ 0.2   0.28  0.52]
 [ 0.2   0.24  0.56]
 [ 0.2   0.28  0.52]
 [ 0.12  0.24  0.64]
 [ 0.12  0.2   0.68]
 [ 0.12  0.2   0.68]
 [ 0.2   0.24  0.56]
 [ 0.36  0.2   0.44]
 [ 0.2   0.24  0.56]
 [ 0.44  0.2   0.36]
 [ 0.2   0.16  0.64]
 [ 0.44  0.2   0.36]
 [ 0.28  0.2   0.52]
 [ 0.12  0.24  0.64]
 [ 0.12  0.24  0.64]
 [ 0.2   0.24  0.56]
 [ 0.2   0.28  0.52]
 [ 0.2   0.28  0.52]
 [ 0.12  0.28  0.6 ]
 [ 0.36  0.2   0.44]
 [ 0.12  0.28  0.6 ]
 [ 0.16  0.24  0.6 ]
 [ 0.12  0.2   0.68]
 [ 0.12  0.2   0.68]
 [ 0.2   0.16  0.64]
 [ 0.2   0.24  0.56]
 [ 0.2   0.28  0.52]
 [ 0.2   0.2   0.6 ]
 [ 0.2   0.16  0.64]
 [ 0.2   0.2   0.6 ]
 [ 0.2   0.28  0.52]
 [ 0.2   0.24  0.56]
 [ 0.2   0.16  0.64]
 [ 0.2   0.28  0.52]
 [ 0.2   0.24  0.56]
 [ 0.2   0.16  0.64]
 [ 0.2   0.24  0.56]
 [ 0.2   0.24  0.56]
 [ 0.36  0.24  0.4 ]
 [ 0.2   0.24  0.56]
 [ 0.2   0.24  0.56]
 [ 0.2   0.24  0.56]
 [ 0.2   0.24  0.56]
 [ 0.2   0.16  0.64]
 [ 0.16  0.12  0.72]
 [ 0.36  0.2   0.44]
 [ 0.16  0.24  0.6 ]
 [ 0.12  0.24  0.64]
 [ 0.2   0.24  0.56]
 [ 0.12  0.24  0.64]
 [ 0.2   0.32  0.48]
 [ 0.2   0.28  0.52]
 [ 0.2   0.32  0.48]
 [ 0.2   0.24  0.56]
 [ 0.2   0.24  0.56]
 [ 0.36  0.2   0.44]
 [ 0.44  0.24  0.32]
 [ 0.2   0.32  0.48]
 [ 0.2   0.28  0.52]
 [ 0.12  0.12  0.76]
 [ 0.12  0.12  0.76]
 [ 0.12  0.16  0.72]
 [ 0.12  0.12  0.76]
 [ 0.12  0.12  0.76]
 [ 0.12  0.12  0.76]
 [ 0.16  0.2   0.64]
 [ 0.16  0.24  0.6 ]
 [ 0.12  0.12  0.76]
 [ 0.32  0.28  0.4 ]
 [ 0.32  0.28  0.4 ]
 [ 0.24  0.24  0.52]
 [ 0.2   0.2   0.6 ]
 [ 0.2   0.2   0.6 ]
 [ 0.2   0.2   0.6 ]
 [ 0.36  0.2   0.44]
 [ 0.2   0.16  0.64]
 [ 0.2   0.16  0.64]
 [ 0.36  0.24  0.4 ]
 [ 0.36  0.24  0.4 ]
 [ 0.36  0.2   0.44]
 [ 0.2   0.28  0.52]
 [ 0.2   0.24  0.56]
 [ 0.2   0.24  0.56]
 [ 0.2   0.24  0.56]
 [ 0.2   0.24  0.56]
 [ 0.2   0.28  0.52]
 [ 0.2   0.24  0.56]
 [ 0.2   0.16  0.64]]
[2 4 1 2 4 1 4 2 1 2 4 1 4 4 1 1 4 2 4 1 2 1 4 2 2 1 4 4 2 1 1 4 4 4 2 1 2
 4 1 4 2 1 1 4 2 2 1 4 2 1 2 4 1 2 1 4 4 1 2 4 1 2 2 4 1 4 2 2 1 2 4 1 4 2
 1 4 2 4 4 1 1 1 4 4 1 2 1 2 4 2 1 4 2 4 1 1 4 2 2 4]
2.0
Log loss score
117.618116574
