RandomForestClassifier(bootstrap=True, class_weight=None, criterion='gini',
            max_depth=None, max_features='auto', max_leaf_nodes=None,
            min_samples_leaf=1, min_samples_split=2,
            min_weight_fraction_leaf=0.0, n_estimators=25, n_jobs=1,
            oob_score=False, random_state=None, verbose=0,
            warm_start=False)
[[ 0.28  0.12  0.6 ]
 [ 0.28  0.16  0.56]
 [ 0.28  0.12  0.6 ]
 [ 0.32  0.16  0.52]
 [ 0.24  0.08  0.68]
 [ 0.32  0.16  0.52]
 [ 0.08  0.24  0.68]
 [ 0.08  0.28  0.64]
 [ 0.24  0.08  0.68]
 [ 0.32  0.08  0.6 ]
 [ 0.12  0.04  0.84]
 [ 0.36  0.16  0.48]
 [ 0.08  0.16  0.76]
 [ 0.16  0.    0.84]
 [ 0.12  0.04  0.84]
 [ 0.04  0.2   0.76]
 [ 0.    0.44  0.56]
 [ 0.24  0.12  0.64]
 [ 0.16  0.    0.84]
 [ 0.44  0.08  0.48]
 [ 0.24  0.12  0.64]
 [ 0.56  0.12  0.32]
 [ 0.12  0.04  0.84]
 [ 0.56  0.12  0.32]
 [ 0.48  0.08  0.44]
 [ 0.24  0.12  0.64]
 [ 0.24  0.12  0.64]
 [ 0.28  0.08  0.64]
 [ 0.32  0.16  0.52]
 [ 0.24  0.08  0.68]
 [ 0.24  0.2   0.56]
 [ 0.48  0.16  0.36]
 [ 0.24  0.12  0.64]
 [ 0.24  0.16  0.6 ]
 [ 0.28  0.08  0.64]
 [ 0.28  0.08  0.64]
 [ 0.16  0.12  0.72]
 [ 0.2   0.08  0.72]
 [ 0.24  0.08  0.68]
 [ 0.08  0.04  0.88]
 [ 0.12  0.04  0.84]
 [ 0.12  0.04  0.84]
 [ 0.32  0.12  0.56]
 [ 0.16  0.16  0.68]
 [ 0.16  0.08  0.76]
 [ 0.2   0.2   0.6 ]
 [ 0.28  0.08  0.64]
 [ 0.04  0.04  0.92]
 [ 0.12  0.08  0.8 ]
 [ 0.16  0.16  0.68]
 [ 0.24  0.04  0.72]
 [ 0.08  0.08  0.84]
 [ 0.12  0.16  0.72]
 [ 0.16  0.12  0.72]
 [ 0.16  0.12  0.72]
 [ 0.16  0.04  0.8 ]
 [ 0.12  0.08  0.8 ]
 [ 0.44  0.16  0.4 ]
 [ 0.28  0.28  0.44]
 [ 0.12  0.08  0.8 ]
 [ 0.28  0.24  0.48]
 [ 0.12  0.04  0.84]
 [ 0.16  0.08  0.76]
 [ 0.28  0.16  0.56]
 [ 0.08  0.52  0.4 ]
 [ 0.12  0.12  0.76]
 [ 0.12  0.12  0.76]
 [ 0.44  0.12  0.44]
 [ 0.64  0.04  0.32]
 [ 0.28  0.16  0.56]
 [ 0.28  0.12  0.6 ]
 [ 0.2   0.04  0.76]
 [ 0.24  0.04  0.72]
 [ 0.16  0.04  0.8 ]
 [ 0.08  0.    0.92]
 [ 0.08  0.16  0.76]
 [ 0.12  0.    0.88]
 [ 0.2   0.08  0.72]
 [ 0.28  0.2   0.52]
 [ 0.24  0.04  0.72]
 [ 0.4   0.32  0.28]
 [ 0.4   0.32  0.28]
 [ 0.12  0.24  0.64]
 [ 0.04  0.48  0.48]
 [ 0.04  0.52  0.44]
 [ 0.04  0.52  0.44]
 [ 0.4   0.04  0.56]
 [ 0.08  0.04  0.88]
 [ 0.08  0.04  0.88]
 [ 0.48  0.08  0.44]
 [ 0.48  0.08  0.44]
 [ 0.4   0.08  0.52]
 [ 0.08  0.04  0.88]
 [ 0.16  0.    0.84]
 [ 0.12  0.    0.88]
 [ 0.2   0.04  0.76]
 [ 0.16  0.08  0.76]
 [ 0.12  0.16  0.72]
 [ 0.08  0.12  0.8 ]
 [ 0.08  0.24  0.68]]
[2 4 1 2 4 1 4 2 1 2 4 1 4 4 1 1 4 2 4 1 2 1 4 2 2 1 4 4 2 1 1 4 4 4 2 1 2
 4 1 4 2 1 1 4 2 2 1 4 2 1 2 4 1 2 1 4 4 1 2 4 1 2 2 4 1 4 2 2 1 2 4 1 4 2
 1 4 2 4 4 1 1 1 4 4 1 2 1 2 4 2 1 4 2 4 1 1 4 2 2 4]
7.0
Log loss score
166.004653163
