SVC(C=1.0, cache_size=200, class_weight=None, coef0=0.0, degree=3, gamma=0.0,
  kernel='rbf', max_iter=-1, probability=False, random_state=None,
  shrinking=True, tol=0.001, verbose=False)
[2 4 1 2 4 1 4 2 1 2 4 1 4 4 1 1 4 2 4 1 2 1 4 2 2 1 4 4 2 1 1 4 4 4 2 1 2
 4 1 4 2 1 1 4 2 2 4 1 4 2 1 2 4 1 2 1 4 4 1 2 4 1 2 2 4 1 4 2 2 1 2 4 1 4
 2 1 4 2 4 4 1 1 1 4 4 1 2 1 2 4 2 1 4 2 4 1 1 4 2 2 4 1 2 4 1 4 2 4 4 1 4
 4 4 1 2 4 1 2 4 1 1 4 2 2 4 1 2 4 1 2 4 1 1 2 4 2 4 1 4 1 2 4 1 2 2 4 1 2
 1 4 2 2 1 4 2 1 1 2 4 2 1 4 2 4 1 2 2 1 4 1 2 1 4 4 4 1 2 4 1 2 2 1 4 2 4
 2 2 4 1 1 2 4 4 2 1 4 2 1 4 1 2 4 1 2 4 2 1 2 4 1 4 2 1 1 4 2 1 4 2 4 2 1
 4 1 2 2 4 1 4 4 1 1 4 4 2 1 2 2 4 1 4 1 2 1 2 4 4 4 1 4 2 1 2 1 4 1 4 2 2
 1 4 1 4 2 2 2 4 1 4 1 1 4 2 4 2 1 4 2 1 4 1 2 2 1 4 2 1 4 1 2 2 4 4 1 2 1
 4 1 2 4 2 1 4 1 2 4 4 1 2 2 4 1 2 4 1 1 2 4 1 4 1 4 2 1 2 4 1 4 2 1 4 1 2
 2 1 4 2 4 1 2 1 4 2 1 4 2 4 1 2 1 4 2 1 4 2 4 1 2 4 1 2 1 2 4 1 2 1 2 4 4
 1 4 1 4 2 4 1 4 4 2 1 4 2 1 4 4 4 4 2 1 2 1 4 2 1 4 4 1 4 4 2 1 4 1 4 1 2
 4 2 1 4 4 2 1 1 2 4 1 2 4 2 4 1 2 2 4 2 1 4 2 4 1 2 4 1 4 1 4 4 2 1 4 1 2
 1 2 4 1 4 2 4 2 1 2 1 4 4 2 1 4 2 1 4 2 1 2 4 1 2 1 4 2 1 4 2 4 2 2 1 4 1
 2 2 2 4 1 2 4 2 4 1 2 4 2 1 4 2 1 2 2 1 1 4 2 1 4 2 4 2 1 4 2 1 4 2 1 4 1
 2 4 4 1 4 2 1 2 1 4 4 1 2 1 4 2 1 2 4 4 1 2 1 2 4 1 2 2 4 1 2 2 4 1 4 1 2
 1 4 2 2 1 4 2 4 2 4 1 4 2 4 4 1 4 2 2 1 4 2 1 1 2 1 2 4 1 2 2 1 2 2 4 1 2
 4 1 1 4 1 1 4 2 2 1 2 2 4 1 4 2 1 4 1 2 2 1 4 1 4 2 1 2 4 2 4 1 2 4 1 4 1
 2 4 2 1 2 4 1 4 1 2 4 1 2 2 4 4 4 1 2 2 1 4 4 4 1 2 1 4 2 1 4 4 2 1 4 2 1
 2 1 4 2 4 1 1 4 2 2 1 4 2 1 4 2 4 1 1 4 1 2 1 4 2 4 1 2 2 2 4 1 2 2 1 4 4
 2 1 2 2 1 2 4 1 4 4 1 2 1 4 4 4 1 2 1 4 2 1 4 4 1 2 4 2 1 2 4 1 2 1 4 1 4
 1 4 4 2 4 2 1 4 1 2 4 1 2 4 1 4 4 1 2 2 4 1 4 1 2 4 1 2 2 4 1 2 1 4 1 4 2
 4 2 1 1 2 4 2 4 4 2 4 1 1 2 4 4 2 1 1 2 2 1 1 4 2 1 4 2 1 4 4 1 2 4 4 1 1
 4 2 2 1 4 4 2 1 1 2 4 4 2 1 4 1 2 2 4 1 2 1 4 1 4 2 1 2 4 2 2 1 2 1 4 4 1
 2 2 1 4 2 4 1 1 2 4 2 1 4 4 2 1 2 2 4 1 2 4 2 4 1 4 1 4 1 2 4 2 2 4 1 4 4
 1 2 4 2 1 4 2 4 1 4 4 1 2 1 4 4 1 2 2 1 4 1 2 4 1 4 2 1 4 2 2 2 1 2 4 1 1
 4 2 1 4 2 4 2 1 1 2 4 4 2 1 2 1 4 4 4 2 1 4 2 1 2 4 1 2 4 2 4 1 2 4 1 2 4
 1 2 1 4 4 2 1 4 1 2 1 4 2 4 1 2 1 2 4 4 1 2 2 1 4 2 4 1 4 1 2 1 4 4 1 2 4
 1]
[2 4 1 2 4 1 4 2 1 2 4 1 4 4 1 1 4 2 4 1 2 1 4 2 2 1 4 4 2 1 1 4 4 4 2 1 2
 4 1 4 2 1 1 4 2 2 3 1 4 2 1 2 4 1 2 1 4 4 1 2 4 1 2 2 4 1 4 2 2 1 2 4 1 4
 2 1 4 2 4 4 1 1 1 4 4 1 2 1 2 4 2 1 4 2 4 1 1 4 2 2 4 1 2 4 1 4 2 3 4 1 4
 4 4 1 2 4 1 2 4 1 1 4 2 2 3 1 2 4 1 2 4 1 1 2 4 2 4 1 4 1 2 4 1 2 2 4 1 2
 1 4 2 2 1 4 2 1 1 2 4 2 1 4 2 4 1 2 2 1 4 1 2 1 4 4 4 1 2 4 1 2 2 1 4 2 4
 2 2 4 1 1 2 4 4 2 1 4 2 1 4 1 2 3 1 2 4 2 1 2 4 1 4 2 1 1 4 2 1 4 2 4 2 1
 4 1 2 2 4 1 4 4 1 1 4 4 2 1 2 2 4 1 4 1 2 1 2 4 4 4 1 4 2 1 2 1 4 1 4 2 2
 1 4 1 4 2 2 2 4 1 4 1 1 4 2 4 2 1 4 2 1 4 1 2 2 1 4 2 1 4 1 2 2 4 4 1 2 1
 4 1 2 4 2 1 4 1 2 4 4 1 2 2 4 1 2 4 1 1 2 4 1 4 1 4 2 1 2 4 1 4 2 1 4 1 2
 2 1 4 2 4 1 2 1 4 2 1 4 2 4 1 2 1 4 2 1 4 2 4 1 2 4 1 2 1 2 4 1 2 1 2 4 4
 1 3 1 4 2 4 1 4 4 2 1 4 2 1 4 4 4 4 2 1 2 1 4 2 1 4 4 1 4 4 2 1 4 1 4 1 2
 4 2 1 4 4 2 1 1 2 4 1 2 4 2 4 1 2 2 4 2 1 4 2 4 1 2 4 1 4 1 4 4 2 1 4 1 2
 1 2 4 1 4 2 4 2 1 2 1 4 4 2 1 4 2 1 4 2 1 2 4 1 2 1 4 2 1 4 2 4 2 2 1 4 1
 2 2 2 4 1 2 4 2 4 1 2 4 2 1 4 2 1 2 2 1 1 4 2 1 4 2 4 2 1 4 2 1 4 2 1 4 1
 2 4 4 1 4 2 1 2 1 4 4 1 2 1 4 2 1 2 4 4 1 2 1 2 4 1 2 2 4 1 2 2 4 1 4 1 2
 1 4 2 2 1 4 2 4 2 4 1 4 2 3 4 1 4 2 2 1 4 2 1 1 2 1 2 4 1 2 2 1 2 2 4 1 2
 4 1 1 4 1 1 4 2 2 1 2 2 4 1 4 2 1 4 1 2 2 1 4 1 4 2 1 2 4 2 4 1 2 4 1 4 1
 2 4 2 1 2 4 1 4 1 2 4 1 2 2 4 3 4 1 2 2 1 4 4 4 1 2 1 4 2 1 4 4 2 1 4 2 1
 2 1 4 2 4 1 1 4 2 2 1 4 2 1 4 2 4 1 1 4 1 2 1 4 2 4 1 2 2 2 4 1 2 2 1 4 4
 2 1 2 2 1 2 4 1 4 4 1 2 1 4 4 3 1 2 1 4 2 1 4 4 1 2 4 2 1 2 4 1 2 1 4 1 4
 1 4 3 2 4 2 1 4 1 2 4 1 2 4 1 4 4 1 2 2 4 1 4 1 2 4 1 2 2 4 1 2 1 4 1 4 2
 4 2 1 1 2 4 2 3 4 2 4 1 1 2 4 4 2 1 1 2 2 1 1 4 2 1 4 2 1 4 4 1 2 4 4 1 1
 4 2 2 1 4 4 2 1 1 2 4 4 2 1 4 1 2 2 4 1 2 1 4 1 4 2 1 2 4 2 2 1 2 1 4 4 1
 2 2 1 4 2 4 1 1 2 4 2 1 4 4 2 1 2 2 3 1 2 4 2 4 1 4 1 4 1 2 4 2 3 4 1 4 4
 1 2 4 2 1 4 2 4 1 4 4 1 2 1 4 4 1 2 2 1 4 1 2 4 1 4 2 1 4 2 2 2 1 2 4 1 1
 4 2 1 4 2 4 2 1 1 2 4 4 2 1 2 1 4 4 4 2 1 4 2 1 2 4 1 2 4 2 4 1 2 4 1 2 4
 1 2 1 4 4 2 1 4 1 2 1 4 2 4 1 2 1 2 4 4 1 2 2 1 4 2 4 1 4 1 2 1 4 4 1 2 4
 1]
98.8
