RandomForestClassifier(bootstrap=True, class_weight=None, criterion='gini',
            max_depth=None, max_features='auto', max_leaf_nodes=None,
            min_samples_leaf=1, min_samples_split=2,
            min_weight_fraction_leaf=0.0, n_estimators=25, n_jobs=1,
            oob_score=False, random_state=None, verbose=0,
            warm_start=False)
[[ 0.68  0.2   0.12]
 [ 0.44  0.4   0.16]
 [ 0.2   0.32  0.48]
 ..., 
 [ 0.32  0.56  0.12]
 [ 0.52  0.32  0.16]
 [ 0.48  0.24  0.28]]
[2 4 1 2 4 1 4 2 1 2 4 1 4 4 1 1 4 2 4 1 2 1 4 2 2 1 4 4 2 1 1 4 4 4 2 1 2
 4 1 4 2 1 1 4 2 2 1 4 2 1 2 4 1 2 1 4 4 1 2 4 1 2 2 4 1 4 2 2 1 2 4 1 4 2
 1 4 2 4 4 1 1 1 4 4 1 2 1 2 4 2 1 4 2 4 1 1 4 2 2 4 1 2 4 1 4 2 4 1 4 4 4
 1 2 4 1 2 4 1 1 4 2 2 1 2 4 1 2 4 1 1 2 4 2 4 1 4 1 2 4 1 2 2 4 1 2 1 4 2
 2 1 4 2 1 1 2 4 2 1 4 2 4 1 2 2 1 4 1 2 1 4 4 4 1 2 4 1 2 2 1 4 2 4 2 2 4
 1 1 2 4 4 2 1 4 2 1 4 1 2 1 2 4 2 1 2 4 1 4 2 1 1 4 2 1 4 2 4 2 1 4 1 2 2
 4 1 4 4 1 1 4 4 2 1 2 2 4 1 4 1 2 1 2 4 4 4 1 4 2 1 2 1 4 1 4 2 2 1 4 1 4
 2 2 2 4 1 4 1 1 4 2 4 2 1 4 2 1 4 1 2 2 1 4 2 1 4 1 2 2 4 4 1 2 1 4 1 2 4
 2 1 4 1 2 4 4 1 2 2 4 1 2 4 1 1 2 4 1 4 1 4 2 1 2 4 1 4 2 1 4 1 2 2 1 4 2
 4 1 2 1 4 2 1 4 2 4 1 2 1 4 2 1 4 2 4 1 2 4 1 2 1 2 4 1 2 1 2 4 4 1 1 4 2
 4 1 4 4 2 1 4 2 1 4 4 4 4 2 1 2 1 4 2 1 4 4 1 4 4 2 1 4 1 4 1 2 4 2 1 4 4
 2 1 1 2 4 1 2 4 2 4 1 2 2 4 2 1 4 2 4 1 2 4 1 4 1 4 4 2 1 4 1 2 1 2 4 1 4
 2 4 2 1 2 1 4 4 2 1 4 2 1 4 2 1 2 4 1 2 1 4 2 1 4 2 4 2 2 1 4 1 2 2 2 4 1
 2 4 2 4 1 2 4 2 1 4 2 1 2 2 1 1 4 2 1 4 2 4 2 1 4 2 1 4 2 1 4 1 2 4 4 1 4
 2 1 2 1 4 4 1 2 1 4 2 1 2 4 4 1 2 1 2 4 1 2 2 4 1 2 2 4 1 4 1 2 1 4 2 2 1
 4 2 4 2 4 1 4 2 4 1 4 2 2 1 4 2 1 1 2 1 2 4 1 2 2 1 2 2 4 1 2 4 1 1 4 1 1
 4 2 2 1 2 2 4 1 4 2 1 4 1 2 2 1 4 1 4 2 1 2 4 2 4 1 2 4 1 4 1 2 4 2 1 2 4
 1 4 1 2 4 1 2 2 4 4 1 2 2 1 4 4 4 1 2 1 4 2 1 4 4 2 1 4 2 1 2 1 4 2 4 1 1
 4 2 2 1 4 2 1 4 2 4 1 1 4 1 2 1 4 2 4 1 2 2 2 4 1 2 2 1 4 4 2 1 2 2 1 2 4
 1 4 4 1 2 1 4 4 1 2 1 4 2 1 4 4 1 2 4 2 1 2 4 1 2 1 4 1 4 1 4 2 4 2 1 4 1
 2 4 1 2 4 1 4 4 1 2 2 4 1 4 1 2 4 1 2 2 4 1 2 1 4 1 4 2 4 2 1 1 2 4 2 4 2
 4 1 1 2 4 4 2 1 1 2 2 1 1 4 2 1 4 2 1 4 4 1 2 4 4 1 1 4 2 2 1 4 4 2 1 1 2
 4 4 2 1 4 1 2 2 4 1 2 1 4 1 4 2 1 2 4 2 2 1 2 1 4 4 1 2 2 1 4 2 4 1 1 2 4
 2 1 4 4 2 1 2 2 1 2 4 2 4 1 4 1 4 1 2 4 2 4 1 4 4 1 2 4 2 1 4 2 4 1 4 4 1
 2 1 4 4 1 2 2 1 4 1 2 4 1 4 2 1 4 2 2 2 1 2 4 1 1 4 2 1 4 2 4 2 1 1 2 4 4
 2 1 2 1 4 4 4 2 1 4 2 1 2 4 1 2 4 2 4 1 2 4 1 2 4 1 2 1 4 4 2 1 4 1 2 1 4
 2 4 1 2 1 2 4 4 1 2 2 1 4 2 4 1 4 1 2 1 4 4 1 2 4 1 4 2 4 1 4 1 1 4 2 4 1
 2]
23.7
Log loss score
155.722840294
