RandomForestClassifier(bootstrap=True, class_weight=None, criterion='gini',
            max_depth=None, max_features='auto', max_leaf_nodes=None,
            min_samples_leaf=1, min_samples_split=2,
            min_weight_fraction_leaf=0.0, n_estimators=100, n_jobs=1,
            oob_score=False, random_state=None, verbose=0,
            warm_start=False)
[[ 0.26  0.55  0.    0.19]
 [ 0.22  0.29  0.    0.49]
 [ 0.66  0.22  0.    0.12]
 [ 0.34  0.48  0.06  0.12]
 [ 0.27  0.27  0.06  0.4 ]
 [ 0.64  0.23  0.04  0.09]
 [ 0.08  0.13  0.    0.79]
 [ 0.19  0.36  0.    0.45]
 [ 0.67  0.23  0.    0.1 ]
 [ 0.22  0.59  0.    0.19]
 [ 0.07  0.26  0.    0.67]
 [ 0.56  0.35  0.    0.09]
 [ 0.07  0.19  0.    0.74]
 [ 0.11  0.25  0.    0.64]
 [ 0.49  0.37  0.    0.14]
 [ 0.34  0.35  0.    0.31]
 [ 0.06  0.46  0.    0.48]
 [ 0.22  0.57  0.    0.21]
 [ 0.25  0.24  0.    0.51]
 [ 0.81  0.1   0.01  0.08]
 [ 0.27  0.57  0.    0.16]
 [ 0.75  0.13  0.    0.12]
 [ 0.07  0.16  0.    0.77]
 [ 0.43  0.43  0.    0.14]
 [ 0.43  0.4   0.    0.17]
 [ 0.62  0.28  0.    0.1 ]
 [ 0.23  0.28  0.    0.49]
 [ 0.14  0.2   0.    0.66]
 [ 0.26  0.63  0.    0.11]
 [ 0.57  0.3   0.    0.13]
 [ 0.57  0.33  0.04  0.06]
 [ 0.34  0.27  0.08  0.31]
 [ 0.26  0.33  0.04  0.37]
 [ 0.25  0.35  0.    0.4 ]
 [ 0.31  0.53  0.    0.16]
 [ 0.62  0.25  0.    0.13]
 [ 0.1   0.62  0.    0.28]
 [ 0.12  0.18  0.    0.7 ]
 [ 0.56  0.3   0.    0.14]
 [ 0.06  0.18  0.    0.76]
 [ 0.26  0.42  0.    0.32]
 [ 0.34  0.28  0.    0.38]
 [ 0.56  0.28  0.    0.16]
 [ 0.16  0.24  0.    0.6 ]
 [ 0.27  0.46  0.    0.27]
 [ 0.3   0.53  0.    0.17]
 [ 0.28  0.53  0.    0.19]
 [ 0.66  0.23  0.    0.11]
 [ 0.13  0.19  0.    0.68]
 [ 0.26  0.47  0.02  0.25]
 [ 0.74  0.15  0.02  0.09]
 [ 0.39  0.42  0.01  0.18]
 [ 0.29  0.15  0.01  0.55]
 [ 0.68  0.18  0.    0.14]
 [ 0.36  0.47  0.    0.17]
 [ 0.69  0.2   0.    0.11]
 [ 0.08  0.1   0.    0.82]
 [ 0.14  0.23  0.    0.63]
 [ 0.78  0.13  0.    0.09]
 [ 0.34  0.53  0.    0.13]
 [ 0.06  0.24  0.01  0.69]
 [ 0.63  0.23  0.    0.14]
 [ 0.15  0.51  0.    0.34]
 [ 0.36  0.4   0.02  0.22]
 [ 0.3   0.31  0.01  0.38]
 [ 0.28  0.6   0.    0.12]
 [ 0.1   0.26  0.    0.64]
 [ 0.16  0.62  0.    0.22]
 [ 0.52  0.36  0.    0.12]
 [ 0.81  0.1   0.    0.09]
 [ 0.22  0.64  0.    0.14]
 [ 0.13  0.23  0.    0.64]
 [ 0.47  0.29  0.    0.24]
 [ 0.08  0.24  0.    0.68]
 [ 0.17  0.51  0.    0.32]
 [ 0.38  0.28  0.    0.34]
 [ 0.12  0.22  0.    0.66]
 [ 0.13  0.52  0.    0.35]
 [ 0.3   0.33  0.    0.37]
 [ 0.26  0.41  0.    0.33]
 [ 0.52  0.25  0.    0.23]
 [ 0.66  0.23  0.    0.11]
 [ 0.66  0.23  0.    0.11]
 [ 0.23  0.3   0.    0.47]
 [ 0.09  0.55  0.    0.36]
 [ 0.3   0.58  0.    0.12]
 [ 0.17  0.69  0.    0.14]
 [ 0.7   0.18  0.    0.12]
 [ 0.18  0.49  0.    0.33]
 [ 0.08  0.18  0.    0.74]
 [ 0.5   0.32  0.01  0.17]
 [ 0.77  0.06  0.01  0.16]
 [ 0.33  0.18  0.    0.49]
 [ 0.2   0.54  0.    0.26]
 [ 0.12  0.19  0.    0.69]
 [ 0.45  0.28  0.    0.27]
 [ 0.55  0.28  0.    0.17]
 [ 0.13  0.23  0.    0.64]
 [ 0.14  0.46  0.    0.4 ]
 [ 0.18  0.48  0.    0.34]]
[2 4 1 2 4 1 4 2 1 2 4 1 4 4 1 1 4 2 4 1 2 1 4 2 2 1 4 4 2 1 1 4 4 4 2 1 2
 4 1 4 2 1 1 4 2 2 3 1 4 2 1 2 4 1 2 1 4 4 1 2 4 1 2 2 4 1 4 2 2 1 2 4 1 4
 2 1 4 2 4 4 1 1 1 4 4 1 2 1 2 4 2 1 4 2 4 1 1 4 2 2]
87.0
Log loss score
95.3511476869
