RandomForestClassifier(bootstrap=True, class_weight=None, criterion='gini',
            max_depth=None, max_features='auto', max_leaf_nodes=None,
            min_samples_leaf=1, min_samples_split=2,
            min_weight_fraction_leaf=0.0, n_estimators=100, n_jobs=1,
            oob_score=False, random_state=None, verbose=0,
            warm_start=False)
[[ 0.44  0.39  0.    0.17]
 [ 0.41  0.2   0.    0.39]
 [ 0.6   0.18  0.    0.22]
 [ 0.46  0.38  0.01  0.15]
 [ 0.34  0.29  0.01  0.36]
 [ 0.67  0.22  0.01  0.1 ]
 [ 0.12  0.15  0.    0.73]
 [ 0.2   0.27  0.    0.53]
 [ 0.54  0.21  0.    0.25]
 [ 0.38  0.35  0.    0.27]
 [ 0.17  0.2   0.    0.63]
 [ 0.65  0.21  0.    0.14]
 [ 0.11  0.19  0.    0.7 ]
 [ 0.24  0.15  0.    0.61]
 [ 0.43  0.24  0.    0.33]
 [ 0.38  0.25  0.    0.37]
 [ 0.1   0.29  0.    0.61]
 [ 0.29  0.35  0.    0.36]
 [ 0.34  0.19  0.    0.47]
 [ 0.83  0.12  0.01  0.04]
 [ 0.43  0.38  0.01  0.18]
 [ 0.81  0.13  0.01  0.05]
 [ 0.14  0.18  0.    0.68]
 [ 0.59  0.31  0.01  0.09]
 [ 0.45  0.22  0.    0.33]
 [ 0.68  0.16  0.    0.16]
 [ 0.39  0.19  0.    0.42]
 [ 0.21  0.14  0.    0.65]
 [ 0.43  0.39  0.    0.18]
 [ 0.43  0.24  0.    0.33]
 [ 0.65  0.2   0.01  0.14]
 [ 0.57  0.19  0.    0.24]
 [ 0.37  0.16  0.    0.47]
 [ 0.33  0.29  0.    0.38]
 [ 0.38  0.41  0.    0.21]
 [ 0.54  0.25  0.    0.21]
 [ 0.13  0.41  0.    0.46]
 [ 0.08  0.2   0.    0.72]
 [ 0.61  0.2   0.    0.19]
 [ 0.15  0.17  0.    0.68]
 [ 0.34  0.35  0.    0.31]
 [ 0.32  0.28  0.    0.4 ]
 [ 0.4   0.29  0.    0.31]
 [ 0.13  0.27  0.    0.6 ]
 [ 0.19  0.42  0.    0.39]
 [ 0.31  0.25  0.    0.44]
 [ 0.36  0.34  0.    0.3 ]
 [ 0.68  0.14  0.    0.18]
 [ 0.24  0.24  0.    0.52]
 [ 0.41  0.3   0.    0.29]
 [ 0.69  0.2   0.    0.11]
 [ 0.43  0.24  0.    0.33]
 [ 0.27  0.15  0.    0.58]
 [ 0.49  0.16  0.    0.35]
 [ 0.38  0.35  0.    0.27]
 [ 0.55  0.22  0.    0.23]
 [ 0.11  0.22  0.    0.67]
 [ 0.22  0.2   0.    0.58]
 [ 0.72  0.16  0.    0.12]
 [ 0.47  0.36  0.    0.17]
 [ 0.2   0.12  0.    0.68]
 [ 0.57  0.23  0.    0.2 ]
 [ 0.21  0.31  0.    0.48]
 [ 0.47  0.29  0.    0.24]
 [ 0.43  0.23  0.    0.34]
 [ 0.24  0.42  0.    0.34]
 [ 0.08  0.26  0.    0.66]
 [ 0.14  0.39  0.    0.47]
 [ 0.63  0.26  0.    0.11]
 [ 0.88  0.07  0.    0.05]
 [ 0.39  0.4   0.    0.21]
 [ 0.23  0.2   0.    0.57]
 [ 0.36  0.25  0.    0.39]
 [ 0.14  0.18  0.    0.68]
 [ 0.2   0.34  0.    0.46]
 [ 0.43  0.19  0.    0.38]
 [ 0.13  0.22  0.    0.65]
 [ 0.28  0.32  0.    0.4 ]
 [ 0.4   0.21  0.01  0.38]
 [ 0.43  0.2   0.01  0.36]
 [ 0.46  0.25  0.01  0.28]
 [ 0.67  0.2   0.    0.13]
 [ 0.67  0.2   0.    0.13]
 [ 0.28  0.19  0.    0.53]
 [ 0.16  0.33  0.    0.51]
 [ 0.35  0.36  0.    0.29]
 [ 0.23  0.43  0.    0.34]
 [ 0.71  0.16  0.01  0.12]
 [ 0.19  0.25  0.    0.56]
 [ 0.12  0.13  0.    0.75]
 [ 0.64  0.22  0.    0.14]
 [ 0.89  0.05  0.    0.06]
 [ 0.39  0.11  0.    0.5 ]
 [ 0.25  0.28  0.    0.47]
 [ 0.2   0.13  0.    0.67]
 [ 0.41  0.21  0.    0.38]
 [ 0.45  0.27  0.    0.28]
 [ 0.19  0.17  0.    0.64]
 [ 0.15  0.36  0.    0.49]
 [ 0.28  0.27  0.    0.45]]
[2 4 1 2 4 1 4 2 1 2 4 1 4 4 1 1 4 2 4 1 2 1 4 2 2 1 4 4 2 1 1 4 4 4 2 1 2
 4 1 4 2 1 1 4 2 2 3 1 4 2 1 2 4 1 2 1 4 4 1 2 4 1 2 2 4 1 4 2 2 1 2 4 1 4
 2 1 4 2 4 4 1 1 1 4 4 1 2 1 2 4 2 1 4 2 4 1 1 4 2 2]
110.996904781
