RandomForestClassifier(bootstrap=True, class_weight=None, criterion='gini',
            max_depth=None, max_features='auto', max_leaf_nodes=None,
            min_samples_leaf=1, min_samples_split=2,
            min_weight_fraction_leaf=0.0, n_estimators=100, n_jobs=1,
            oob_score=False, random_state=None, verbose=0,
            warm_start=False)
[[ 0.32  0.5   0.    0.18]
 [ 0.25  0.35  0.    0.4 ]
 [ 0.64  0.21  0.    0.15]
 [ 0.3   0.52  0.01  0.17]
 [ 0.24  0.27  0.03  0.46]
 [ 0.7   0.21  0.    0.09]
 [ 0.13  0.17  0.    0.7 ]
 [ 0.19  0.39  0.    0.42]
 [ 0.73  0.19  0.    0.08]
 [ 0.27  0.6   0.    0.13]
 [ 0.09  0.2   0.01  0.7 ]
 [ 0.59  0.32  0.    0.09]
 [ 0.06  0.18  0.    0.76]
 [ 0.07  0.27  0.01  0.65]
 [ 0.37  0.41  0.    0.22]
 [ 0.38  0.32  0.    0.3 ]
 [ 0.09  0.34  0.    0.57]
 [ 0.2   0.5   0.    0.3 ]
 [ 0.25  0.2   0.01  0.54]
 [ 0.84  0.1   0.    0.06]
 [ 0.27  0.54  0.    0.19]
 [ 0.65  0.23  0.01  0.11]
 [ 0.09  0.24  0.    0.67]
 [ 0.35  0.45  0.01  0.19]
 [ 0.37  0.35  0.    0.28]
 [ 0.68  0.2   0.    0.12]
 [ 0.26  0.28  0.    0.46]
 [ 0.1   0.24  0.    0.66]
 [ 0.22  0.61  0.    0.17]
 [ 0.47  0.28  0.    0.25]
 [ 0.64  0.27  0.02  0.07]
 [ 0.26  0.3   0.03  0.41]
 [ 0.28  0.28  0.01  0.43]
 [ 0.21  0.39  0.    0.4 ]
 [ 0.35  0.49  0.    0.16]
 [ 0.66  0.2   0.    0.14]
 [ 0.1   0.59  0.    0.31]
 [ 0.06  0.24  0.    0.7 ]
 [ 0.56  0.34  0.    0.1 ]
 [ 0.11  0.19  0.    0.7 ]
 [ 0.23  0.44  0.01  0.32]
 [ 0.36  0.3   0.    0.34]
 [ 0.5   0.29  0.    0.21]
 [ 0.12  0.23  0.    0.65]
 [ 0.22  0.44  0.    0.34]
 [ 0.27  0.49  0.    0.24]
 [ 0.29  0.5   0.    0.21]
 [ 0.73  0.15  0.    0.12]
 [ 0.14  0.19  0.01  0.66]
 [ 0.3   0.42  0.01  0.27]
 [ 0.72  0.15  0.01  0.12]
 [ 0.38  0.36  0.    0.26]
 [ 0.23  0.19  0.01  0.57]
 [ 0.67  0.2   0.    0.13]
 [ 0.29  0.51  0.    0.2 ]
 [ 0.64  0.22  0.    0.14]
 [ 0.06  0.18  0.01  0.75]
 [ 0.17  0.27  0.    0.56]
 [ 0.71  0.2   0.01  0.08]
 [ 0.36  0.49  0.    0.15]
 [ 0.16  0.26  0.01  0.57]
 [ 0.55  0.32  0.01  0.12]
 [ 0.2   0.43  0.    0.37]
 [ 0.29  0.42  0.    0.29]
 [ 0.19  0.37  0.01  0.43]
 [ 0.31  0.55  0.    0.14]
 [ 0.04  0.25  0.    0.71]
 [ 0.18  0.54  0.    0.28]
 [ 0.51  0.31  0.    0.18]
 [ 0.73  0.13  0.    0.14]
 [ 0.32  0.55  0.    0.13]
 [ 0.15  0.21  0.    0.64]
 [ 0.43  0.28  0.    0.29]
 [ 0.09  0.22  0.    0.69]
 [ 0.26  0.46  0.    0.28]
 [ 0.47  0.22  0.    0.31]
 [ 0.14  0.23  0.    0.63]
 [ 0.23  0.43  0.    0.34]
 [ 0.3   0.26  0.    0.44]
 [ 0.24  0.43  0.    0.33]
 [ 0.55  0.28  0.    0.17]
 [ 0.6   0.24  0.01  0.15]
 [ 0.6   0.24  0.01  0.15]
 [ 0.14  0.39  0.    0.47]
 [ 0.07  0.57  0.    0.36]
 [ 0.28  0.63  0.    0.09]
 [ 0.17  0.73  0.    0.1 ]
 [ 0.73  0.08  0.    0.19]
 [ 0.2   0.45  0.    0.35]
 [ 0.1   0.14  0.01  0.75]
 [ 0.53  0.3   0.    0.17]
 [ 0.84  0.06  0.    0.1 ]
 [ 0.25  0.22  0.    0.53]
 [ 0.13  0.61  0.    0.26]
 [ 0.11  0.25  0.01  0.63]
 [ 0.41  0.34  0.    0.25]
 [ 0.49  0.32  0.    0.19]
 [ 0.12  0.24  0.01  0.63]
 [ 0.12  0.48  0.    0.4 ]
 [ 0.2   0.44  0.    0.36]]
[2 4 1 2 4 1 4 2 1 2 4 1 4 4 1 1 4 2 4 1 2 1 4 2 2 1 4 4 2 1 1 4 4 4 2 1 2
 4 1 4 2 1 1 4 2 2 3 1 4 2 1 2 4 1 2 1 4 4 1 2 4 1 2 2 4 1 4 2 2 1 2 4 1 4
 2 1 4 2 4 4 1 1 1 4 4 1 2 1 2 4 2 1 4 2 4 1 1 4 2 2]
97.0612948649
