RandomForestClassifier(bootstrap=True, class_weight=None, criterion='gini',
            max_depth=None, max_features='auto', max_leaf_nodes=None,
            min_samples_leaf=1, min_samples_split=2,
            min_weight_fraction_leaf=0.0, n_estimators=25, n_jobs=1,
            oob_score=False, random_state=None, verbose=0,
            warm_start=False)
[[ 0.36  0.48  0.    0.16]
 [ 0.4   0.16  0.    0.44]
 [ 0.68  0.24  0.    0.08]
 [ 0.44  0.44  0.    0.12]
 [ 0.28  0.28  0.    0.44]
 [ 0.56  0.32  0.    0.12]
 [ 0.04  0.12  0.    0.84]
 [ 0.12  0.48  0.    0.4 ]
 [ 0.64  0.2   0.    0.16]
 [ 0.32  0.52  0.    0.16]
 [ 0.16  0.24  0.    0.6 ]
 [ 0.56  0.36  0.    0.08]
 [ 0.08  0.2   0.    0.72]
 [ 0.12  0.28  0.    0.6 ]
 [ 0.4   0.44  0.    0.16]
 [ 0.36  0.4   0.    0.24]
 [ 0.12  0.4   0.    0.48]
 [ 0.32  0.52  0.    0.16]
 [ 0.28  0.32  0.    0.4 ]
 [ 0.96  0.    0.    0.04]
 [ 0.44  0.44  0.    0.12]
 [ 0.76  0.16  0.    0.08]
 [ 0.12  0.36  0.    0.52]
 [ 0.48  0.4   0.    0.12]
 [ 0.52  0.4   0.    0.08]
 [ 0.64  0.24  0.    0.12]
 [ 0.28  0.28  0.    0.44]
 [ 0.12  0.2   0.    0.68]
 [ 0.36  0.56  0.    0.08]
 [ 0.4   0.44  0.    0.16]
 [ 0.68  0.24  0.    0.08]
 [ 0.68  0.24  0.04  0.04]
 [ 0.36  0.32  0.    0.32]
 [ 0.32  0.28  0.    0.4 ]
 [ 0.36  0.4   0.    0.24]
 [ 0.6   0.16  0.    0.24]
 [ 0.16  0.72  0.    0.12]
 [ 0.04  0.24  0.    0.72]
 [ 0.56  0.36  0.    0.08]
 [ 0.04  0.24  0.    0.72]
 [ 0.24  0.48  0.    0.28]
 [ 0.28  0.52  0.    0.2 ]
 [ 0.56  0.28  0.    0.16]
 [ 0.08  0.24  0.    0.68]
 [ 0.28  0.6   0.    0.12]
 [ 0.2   0.6   0.    0.2 ]
 [ 0.32  0.48  0.    0.2 ]
 [ 0.56  0.36  0.    0.08]
 [ 0.16  0.24  0.    0.6 ]
 [ 0.4   0.32  0.    0.28]
 [ 0.88  0.04  0.    0.08]
 [ 0.4   0.44  0.04  0.12]
 [ 0.2   0.12  0.04  0.64]
 [ 0.6   0.24  0.04  0.12]
 [ 0.36  0.48  0.    0.16]
 [ 0.6   0.32  0.    0.08]
 [ 0.04  0.2   0.    0.76]
 [ 0.24  0.28  0.    0.48]
 [ 0.8   0.12  0.    0.08]
 [ 0.52  0.36  0.    0.12]
 [ 0.08  0.16  0.    0.76]
 [ 0.64  0.24  0.    0.12]
 [ 0.08  0.52  0.    0.4 ]
 [ 0.44  0.32  0.    0.24]
 [ 0.4   0.28  0.    0.32]
 [ 0.2   0.68  0.    0.12]
 [ 0.04  0.2   0.    0.76]
 [ 0.2   0.6   0.    0.2 ]
 [ 0.68  0.2   0.    0.12]
 [ 1.    0.    0.    0.  ]
 [ 0.36  0.48  0.    0.16]
 [ 0.2   0.24  0.    0.56]
 [ 0.28  0.6   0.    0.12]
 [ 0.04  0.28  0.    0.68]
 [ 0.2   0.68  0.    0.12]
 [ 0.44  0.36  0.    0.2 ]
 [ 0.16  0.24  0.    0.6 ]
 [ 0.28  0.48  0.    0.24]
 [ 0.44  0.2   0.    0.36]
 [ 0.44  0.36  0.    0.2 ]
 [ 0.44  0.28  0.    0.28]
 [ 0.84  0.08  0.    0.08]
 [ 0.84  0.08  0.    0.08]
 [ 0.32  0.32  0.    0.36]
 [ 0.12  0.6   0.    0.28]
 [ 0.16  0.72  0.    0.12]
 [ 0.12  0.76  0.    0.12]
 [ 0.84  0.04  0.    0.12]
 [ 0.32  0.32  0.    0.36]
 [ 0.12  0.2   0.    0.68]
 [ 0.68  0.24  0.    0.08]
 [ 0.92  0.04  0.    0.04]
 [ 0.36  0.16  0.    0.48]
 [ 0.2   0.48  0.    0.32]
 [ 0.2   0.08  0.    0.72]
 [ 0.44  0.4   0.    0.16]
 [ 0.36  0.44  0.    0.2 ]
 [ 0.08  0.24  0.    0.68]
 [ 0.    0.68  0.    0.32]
 [ 0.24  0.48  0.    0.28]]
[2 4 1 2 4 1 4 2 1 2 4 1 4 4 1 1 4 2 4 1 2 1 4 2 2 1 4 4 2 1 1 4 4 4 2 1 2
 4 1 4 2 1 1 4 2 2 3 1 4 2 1 2 4 1 2 1 4 4 1 2 4 1 2 2 4 1 4 2 2 1 2 4 1 4
 2 1 4 2 4 4 1 1 1 4 4 1 2 1 2 4 2 1 4 2 4 1 1 4 2 2]
103.572610425
