RandomForestClassifier(bootstrap=True, class_weight=None, criterion='gini',
            max_depth=None, max_features='auto', max_leaf_nodes=None,
            min_samples_leaf=1, min_samples_split=2,
            min_weight_fraction_leaf=0.0, n_estimators=100, n_jobs=1,
            oob_score=False, random_state=None, verbose=0,
            warm_start=False)
[[ 0.5   0.29  0.01  0.2 ]
 [ 0.5   0.19  0.01  0.3 ]
 [ 0.66  0.15  0.    0.19]
 [ 0.44  0.34  0.04  0.18]
 [ 0.39  0.23  0.05  0.33]
 [ 0.62  0.21  0.03  0.14]
 [ 0.15  0.18  0.    0.67]
 [ 0.2   0.33  0.    0.47]
 [ 0.68  0.18  0.    0.14]
 [ 0.42  0.34  0.01  0.23]
 [ 0.16  0.24  0.    0.6 ]
 [ 0.58  0.3   0.    0.12]
 [ 0.08  0.23  0.    0.69]
 [ 0.17  0.21  0.    0.62]
 [ 0.35  0.35  0.    0.3 ]
 [ 0.37  0.29  0.    0.34]
 [ 0.11  0.33  0.    0.56]
 [ 0.28  0.31  0.    0.41]
 [ 0.39  0.21  0.    0.4 ]
 [ 0.74  0.09  0.01  0.16]
 [ 0.48  0.29  0.02  0.21]
 [ 0.8   0.11  0.01  0.08]
 [ 0.22  0.16  0.01  0.61]
 [ 0.6   0.25  0.02  0.13]
 [ 0.39  0.31  0.    0.3 ]
 [ 0.69  0.18  0.    0.13]
 [ 0.42  0.25  0.    0.33]
 [ 0.16  0.22  0.    0.62]
 [ 0.41  0.4   0.01  0.18]
 [ 0.36  0.31  0.    0.33]
 [ 0.61  0.18  0.02  0.19]
 [ 0.5   0.22  0.01  0.27]
 [ 0.38  0.2   0.01  0.41]
 [ 0.47  0.24  0.01  0.28]
 [ 0.47  0.32  0.01  0.2 ]
 [ 0.66  0.18  0.    0.16]
 [ 0.13  0.43  0.    0.44]
 [ 0.1   0.22  0.    0.68]
 [ 0.58  0.22  0.    0.2 ]
 [ 0.16  0.12  0.    0.72]
 [ 0.38  0.23  0.01  0.38]
 [ 0.33  0.19  0.    0.48]
 [ 0.42  0.34  0.    0.24]
 [ 0.17  0.26  0.    0.57]
 [ 0.26  0.31  0.    0.43]
 [ 0.29  0.35  0.    0.36]
 [ 0.46  0.31  0.    0.23]
 [ 0.68  0.14  0.    0.18]
 [ 0.2   0.27  0.    0.53]
 [ 0.31  0.29  0.03  0.37]
 [ 0.7   0.19  0.    0.11]
 [ 0.31  0.36  0.05  0.28]
 [ 0.28  0.16  0.04  0.52]
 [ 0.46  0.16  0.04  0.34]
 [ 0.43  0.26  0.01  0.3 ]
 [ 0.59  0.16  0.    0.25]
 [ 0.1   0.21  0.    0.69]
 [ 0.22  0.23  0.    0.55]
 [ 0.71  0.14  0.01  0.14]
 [ 0.48  0.28  0.02  0.22]
 [ 0.19  0.17  0.    0.64]
 [ 0.59  0.19  0.    0.22]
 [ 0.26  0.3   0.    0.44]
 [ 0.46  0.35  0.01  0.18]
 [ 0.49  0.24  0.01  0.26]
 [ 0.21  0.49  0.    0.3 ]
 [ 0.06  0.25  0.    0.69]
 [ 0.14  0.42  0.    0.44]
 [ 0.55  0.24  0.    0.21]
 [ 0.78  0.17  0.    0.05]
 [ 0.41  0.43  0.01  0.15]
 [ 0.26  0.22  0.    0.52]
 [ 0.29  0.33  0.    0.38]
 [ 0.14  0.27  0.    0.59]
 [ 0.17  0.42  0.    0.41]
 [ 0.29  0.31  0.    0.4 ]
 [ 0.15  0.22  0.    0.63]
 [ 0.18  0.42  0.    0.4 ]
 [ 0.47  0.21  0.01  0.31]
 [ 0.52  0.18  0.01  0.29]
 [ 0.52  0.19  0.01  0.28]
 [ 0.68  0.21  0.01  0.1 ]
 [ 0.68  0.21  0.01  0.1 ]
 [ 0.3   0.36  0.01  0.33]
 [ 0.19  0.38  0.    0.43]
 [ 0.32  0.41  0.    0.27]
 [ 0.24  0.47  0.    0.29]
 [ 0.67  0.14  0.    0.19]
 [ 0.16  0.26  0.    0.58]
 [ 0.11  0.16  0.    0.73]
 [ 0.57  0.26  0.    0.17]
 [ 0.78  0.09  0.01  0.12]
 [ 0.35  0.2   0.    0.45]
 [ 0.18  0.47  0.    0.35]
 [ 0.18  0.2   0.    0.62]
 [ 0.35  0.25  0.    0.4 ]
 [ 0.39  0.27  0.    0.34]
 [ 0.21  0.21  0.    0.58]
 [ 0.12  0.45  0.    0.43]
 [ 0.27  0.38  0.    0.35]]
[2 4 1 2 4 1 4 2 1 2 4 1 4 4 1 1 4 2 4 1 2 1 4 2 2 1 4 4 2 1 1 4 4 4 2 1 2
 4 1 4 2 1 1 4 2 2 3 1 4 2 1 2 4 1 2 1 4 4 1 2 4 1 2 2 4 1 4 2 2 1 2 4 1 4
 2 1 4 2 4 4 1 1 1 4 4 1 2 1 2 4 2 1 4 2 4 1 1 4 2 2]
61.0
Log loss score
115.163012477
