RandomForestClassifier(bootstrap=True, class_weight=None, criterion='gini',
            max_depth=None, max_features='auto', max_leaf_nodes=None,
            min_samples_leaf=1, min_samples_split=2,
            min_weight_fraction_leaf=0.0, n_estimators=100, n_jobs=1,
            oob_score=False, random_state=None, verbose=0,
            warm_start=False)
[[ 0.4   0.43  0.    0.17]
 [ 0.28  0.29  0.01  0.42]
 [ 0.71  0.17  0.    0.12]
 ..., 
 [ 0.33  0.47  0.01  0.19]
 [ 0.08  0.24  0.    0.68]
 [ 0.67  0.2   0.    0.13]]
[2 4 1 2 4 1 4 2 1 2 4 1 4 4 1 1 4 2 4 1 2 1 4 2 2 1 4 4 2 1 1 4 4 4 2 1 2
 4 1 4 2 1 1 4 2 2 3 1 4 2 1 2 4 1 2 1 4 4 1 2 4 1 2 2 4 1 4 2 2 1 2 4 1 4
 2 1 4 2 4 4 1 1 1 4 4 1 2 1 2 4 2 1 4 2 4 1 1 4 2 2 4 1 2 4 1 4 2 3 4 1 4
 4 4 1 2 4 1 2 4 1 1 4 2 2 3 1 2 4 1 2 4 1 1 2 4 2 4 1 4 1 2 4 1 2 2 4 1 2
 1 4 2 2 1 4 2 1 1 2 4 2 1 4 2 4 1 2 2 1 4 1 2 1 4 4 4 1 2 4 1 2 2 1 4 2 4
 2 2 4 1 1 2 4 4 2 1 4 2 1 4 1 2 3 1 2 4 2 1 2 4 1 4 2 1 1 4 2 1 4 2 4 2 1
 4 1 2 2 4 1 4 4 1 1 4 4 2 1 2 2 4 1 4 1 2 1 2 4 4 4 1 4 2 1 2 1 4 1 4 2 2
 1 4 1 4 2 2 2 4 1 4 1 1 4 2 4 2 1 4 2 1 4 1 2 2 1 4 2 1 4 1 2 2 4 4 1 2 1
 4 1 2 4 2 1 4 1 2 4 4 1 2 2 4 1 2 4 1 1 2 4 1 4 1 4 2 1 2 4 1 4 2 1 4 1 2
 2 1 4 2 4 1 2 1 4 2 1 4 2 4 1 2 1 4 2 1 4 2 4 1 2 4 1 2 1 2 4 1 2 1 2 4 4
 1 3 1 4 2 4 1 4 4 2 1 4 2 1 4 4 4 4 2 1 2 1 4 2 1 4 4 1 4 4 2 1 4 1 4 1 2
 4 2 1 4 4 2 1 1 2 4 1 2 4 2 4 1 2 2 4 2 1 4 2 4 1 2 4 1 4 1 4 4 2 1 4 1 2
 1 2 4 1 4 2 4 2 1 2 1 4 4 2 1 4 2 1 4 2 1 2 4 1 2 1 4 2 1 4 2 4 2 2 1 4 1
 2 2 2 4 1 2 4 2 4 1 2 4 2 1 4 2 1 2 2 1 1 4 2 1 4 2 4 2 1 4 2 1 4 2 1 4 1
 2 4 4 1 4 2 1 2 1 4 4 1 2 1 4 2 1 2 4 4 1 2 1 2 4 1 2 2 4 1 2 2 4 1 4 1 2
 1 4 2 2 1 4 2 4 2 4 1 4 2 3 4 1 4 2 2 1 4 2 1 1 2 1 2 4 1 2 2 1 2 2 4 1 2
 4 1 1 4 1 1 4 2 2 1 2 2 4 1 4 2 1 4 1 2 2 1 4 1 4 2 1 2 4 2 4 1 2 4 1 4 1
 2 4 2 1 2 4 1 4 1 2 4 1 2 2 4 3 4 1 2 2 1 4 4 4 1 2 1 4 2 1 4 4 2 1 4 2 1
 2 1 4 2 4 1 1 4 2 2 1 4 2 1 4 2 4 1 1 4 1 2 1 4 2 4 1 2 2 2 4 1 2 2 1 4 4
 2 1 2 2 1 2 4 1 4 4 1 2 1 4 4 3 1 2 1 4 2 1 4 4 1 2 4 2 1 2 4 1 2 1 4 1 4
 1 4 3 2 4 2 1 4 1 2 4 1 2 4 1 4 4 1 2 2 4 1 4 1 2 4 1 2 2 4 1 2 1 4 1 4 2
 4 2 1 1 2 4 2 3 4 2 4 1 1 2 4 4 2 1 1 2 2 1 1 4 2 1 4 2 1 4 4 1 2 4 4 1 1
 4 2 2 1 4 4 2 1 1 2 4 4 2 1 4 1 2 2 4 1 2 1 4 1 4 2 1 2 4 2 2 1 2 1 4 4 1
 2 2 1 4 2 4 1 1 2 4 2 1 4 4 2 1 2 2 3 1 2 4 2 4 1 4 1 4 1 2 4 2 3 4 1 4 4
 1 2 4 2 1 4 2 4 1 4 4 1 2 1 4 4 1 2 2 1 4 1 2 4 1 4 2 1 4 2 2 2 1 2 4 1 1
 4 2 1 4 2 4 2 1 1 2 4 4 2 1 2 1 4 4 4 2 1 4 2 1 2 4 1 2 4 2 4 1 2 4 1 2 4
 1 2 1 4 4 2 1 4 1 2 1 4 2 4 1 2 1 2 4 4 1 2 2 1 4 2 4 1 4 1 2 1 4 4 1 2 4
 1]
77.4304142108
